0.184387
0.138040
0.146507
0.146330
0.138523
0.145100
0.139241
0.137950
0.141181
0.139337
0.138863
0.140188
0.138401
0.139208
0.143430
0.139075
0.136813
0.137262
0.136475
0.142319
0.140209
0.143356
0.147690
0.139408
0.137141
0.139244
0.146203
0.145315
0.136524
0.140143
0.141140
0.146278
0.138742
0.160015
0.142596
0.137405
0.166129
0.143052
0.138777
0.144867
0.170599
0.138575
0.139333
0.154076
0.153000
0.149906
0.161348
0.154988
0.152555
0.152509
0.158315
0.157362
0.146281
0.146521
0.136603
0.135951
0.139338
0.142080
0.141262
0.138342
0.165483
0.162453
0.165256
0.153874
0.143595
0.139572
0.145310
0.140630
0.149442
0.143437
0.142627
0.140718
0.139422
0.166904
0.154933
0.145368
0.154132
0.140480
0.154496
0.139987
0.138288
0.146260
0.137066
0.137976
0.139725
0.143993
0.136440
0.139960
0.140529
0.137908
0.138739
0.143070
0.138692
0.141262
0.138812
0.140636
0.166927
0.149298
0.139378
0.139703
0.137814
0.137331
0.160156
0.143236
0.152376
0.144812
0.140070
0.145158
0.144967
0.141185
0.142321
0.143828
0.138956
0.158374
0.140415
0.145537
0.145001
0.140813
0.141515
0.142359
0.147495
0.145809
0.144449
0.144580
0.141358
0.149602
0.141169
0.151572
0.146043
0.140077
0.143590
0.143300
0.142130
0.149417
0.139632
0.139529
0.139693
0.140607
0.142723
0.144424
0.142343
0.138201
0.141063
0.138462
0.142826
0.144251
0.144665
0.141740
0.140552
0.139620
0.143239
0.144343
0.138731
0.142590
0.144780
0.145938
0.144930
0.142270
0.141602
0.142328
0.156808
0.147035
0.144338
0.149290
0.141239
0.142573
0.138794
0.143926
0.148158
0.148066
0.141611
0.141155
0.143051
0.145796
0.144441
0.146734
0.144532
0.139771
0.142044
0.140724
0.145362
0.146298
0.148084
0.142556
0.146872
0.148307
0.147517
0.140437
0.143788
0.142947
0.140751
0.143270
0.144123
0.158493
0.142801
0.145205
0.160718
0.159516
0.144694
0.141900
0.143539
0.161672
0.151544
0.142191
0.144870
0.142414
0.149508
0.151842
0.146247
0.140308
0.147394
0.141114
0.155916
0.148534
0.151929
0.148769
0.147878
0.140569
0.140397
0.144663
0.144542
0.144759
0.151584
0.146016
0.148575
0.150088
0.151515
0.146928
0.156074
0.141732
0.139233
0.142807
0.140680
0.141193
0.139831
0.143688
0.142121
0.142670
0.142749
0.145118
0.140630
0.142689
0.140107
0.145213
0.140500
0.139804
0.142335
0.141673
0.142725
0.143185
0.142622
0.145408
0.142517
0.144617
0.142225
0.144186
0.148111
0.147058
0.140344
0.140794
0.142803
0.141705
0.141959
0.142244
0.141468
0.140402
0.147169
0.138145
0.144838
0.139765
0.142529
0.140649
0.142528
0.141250
0.140574
0.141729
0.143217
0.140600
0.145593
0.139883
0.139788
0.141675
0.141200
0.141711
0.142185
0.142189
0.139478
0.142642
0.137435
0.144542
0.142030
0.142298
0.141824
0.141671
0.141032
0.140078
0.146461
0.138718
0.142802
0.146026
0.142291
0.145022
0.142351
0.142890
0.142945
0.147491
0.151115
0.150421
0.146764
0.145436
0.149564
0.147010
0.149402
0.146601
0.147507
0.143762
0.145012
0.146211
0.146402
0.150903
0.142459
0.144296
0.145813
0.146497
0.153345
0.144539
0.144788
0.148668
0.151940
0.155554
0.194208
0.166529
0.145082
0.176352
0.193601
0.159624
0.165938
0.177576
0.144419
0.157481
0.151696
0.162255
0.142237
0.166719
0.150764
0.155623
0.145379
0.144663
0.144071
0.154534
0.161350
0.150823
0.156677
0.144647
0.154507
0.148941
0.148833
0.144151
0.160285
0.145489
0.147496
0.160963
0.160452
0.144641
0.145831
0.150918
0.147743
0.173006
0.163926
0.158912
0.171859
0.167802
0.157358
0.161514
0.181992
0.187693
0.163827
0.144421
0.152172
0.167547
0.157191
0.150527
0.162478
0.149007
0.206120
0.168341
0.172293
0.170482
0.146278
0.154262
0.153750
0.149682
0.153624
0.149765
0.148311
0.181305
0.146428
0.143335
0.155179
0.143097
0.150057
0.145633
0.143830
0.156743
0.141695
0.148424
0.144095
0.161320
0.157650
0.149284
0.157398
0.155463
0.164442
0.157767
0.170100
0.163014
0.165147
0.159414
0.155887
0.154302
0.146146
0.146343
0.156166
0.145658
0.149278
0.138095
0.146416
0.139008
0.157818
0.158684
0.159060
0.154077
0.162879
0.151592
0.165251
0.160940
0.166311
0.152780
0.154253
0.141206
0.161779
0.150090
0.154079
0.144931
0.141401
0.140546
0.143976
0.152148
0.169253
0.147599
0.144719
0.137472
0.144851
0.137275
0.144737
0.156529
0.141677
0.147627
0.141626
0.141297
0.144909
0.143313
0.141551
0.164900
0.148756
0.141758
0.141381
0.141405
0.156919
0.148284
0.143638
0.146373
0.151472
0.151358
0.139691
0.142263
0.142971
0.168439
0.155229
0.164669
0.161692
0.160873
0.148110
0.150295
0.155050
0.160763
0.153969
0.155323
0.156492
0.155473
0.151840
0.143283
0.143908
0.163847
0.157860
0.159567
0.156274
0.150142
0.144461
0.153693
0.160187
0.150669
0.138879
0.151927
0.172840
0.171666
0.154657
0.145444
0.144688
0.146654
0.158621
0.148580
0.151087
0.147676
0.167654
0.149395
0.143598
0.143106
0.147138
0.142446
0.147937
0.169036
0.163490
0.172209
0.167747
0.166074
0.170895
0.165696
0.165666
0.164156
0.165936
0.161323
0.159765
0.162383
0.158215
0.152553
0.146146
0.154305
0.143973
0.143127
0.144136
0.146973
0.146807
0.170160
0.167935
0.182629
0.168741
0.172250
0.176714
0.165686
0.176593
0.166126
0.176901
0.165191
0.166912
0.178179
0.169959
0.164237
0.159153
0.165104
0.156402
0.158598
0.151668
0.157914
0.161447
0.162209
0.157998
0.157137
0.157741
0.160350
0.155991
0.155112
0.152676
0.153389
0.146823
0.153360
0.143949
0.148002
0.144280
0.149889
0.143652
0.146187
0.146233
0.143184
0.145536
0.147298
0.145860
0.144502
0.142734
0.154938
0.142236
0.150436
0.144843
0.147021
0.144883
0.145920
0.144758
0.145941
0.142763
0.147736
0.143881
0.145103
0.145003
0.143171
0.146582
