0.184552
0.189458
0.178349
0.178689
0.181418
0.176679
0.181829
0.189150
0.180225
0.212861
0.204594
0.209915
0.214589
0.207767
0.211571
0.207961
0.186908
0.181989
0.185992
0.181993
0.181565
0.182052
0.177809
0.180741
0.182964
0.177481
0.191586
0.179487
0.177939
0.178221
0.181899
0.180711
0.177678
0.182265
0.180184
0.180708
0.178700
0.177540
0.179939
0.179299
0.178867
0.184255
0.194159
0.185193
0.183883
0.182605
0.177490
0.180525
0.178436
0.178929
0.178257
0.178790
0.180457
0.182970
0.182026
0.183670
0.179843
0.178519
0.182917
0.182107
0.184522
0.206036
0.193761
0.176090
0.185140
0.207905
0.204702
0.200576
0.180111
0.199666
0.184956
0.205424
0.186232
0.180767
0.198006
0.181876
0.195971
0.189568
0.200180
0.197654
0.197185
0.181183
0.220265
0.207109
0.215379
0.189727
0.214352
0.189219
0.193416
0.196035
0.209686
0.205094
0.203997
0.196728
0.188413
0.198378
0.184751
0.209671
0.209040
0.194022
0.194778
0.183024
0.186126
0.181416
0.187202
0.181502
0.192835
0.183685
0.206382
0.190504
0.192047
0.197323
0.182720
0.209909
0.193134
0.200836
0.184034
0.209572
0.196880
0.187732
0.199088
0.204674
0.189861
0.201765
0.195343
0.180747
0.186106
0.183395
0.182856
0.193242
0.183875
0.183121
0.183037
0.189255
0.181335
0.179912
0.181717
0.183095
0.186744
0.187405
0.180489
0.187682
0.187368
0.185333
0.185674
0.183753
0.182843
0.182716
0.183766
0.188154
0.182155
0.183496
0.207228
0.193651
0.185225
0.180061
0.182423
0.185596
0.181671
0.184911
0.183864
0.188699
0.185330
0.185623
0.183870
0.185585
0.182416
0.180459
0.182629
0.181259
0.178879
0.181382
0.181272
0.181047
0.186311
0.184161
0.182688
0.181802
0.183539
0.181909
0.186379
0.190027
0.182745
0.187543
0.186955
0.181202
0.186513
0.183840
0.186357
0.183400
0.181559
0.190182
0.182918
0.184451
0.186161
0.179332
0.181396
0.185657
0.184312
0.184037
0.188740
